381415199
381833223
382195115
382210891
382592437
383360471
383360475
383739311
383739469
384107501
384107833
381833223
381833223
384468135
384839501
384839503
385526289
385931455
385973965
385974855
386365029
386365089
386742123
387101459
387481597
387483815
387865831
387866149
388266311
388658933
388659503
389065715
389066781
389451059
389830585
389830947
390218557
390218905
390606859
390997657
391357575
391392289
391393583
391804701
392188491
392206831
392569413
392950553
392950927
393705459
393705625
394073321
394457255
394482945
394838851
394917511
395149523
395149787
395846053
395846073
396186935
396187315
396498107
396903001
396904751
397206439
397251475
397251805
397971999
397972001
398291193
398341525
398341755
398701803
396538889
396539063
398702277
399055147
399055451
399430097
399430667
399794995
400151337
400151341
400507825
400546345
400547855
400547933
400909771
400911361
400954253
400954275
401277263
401288201
401657429
401657433
401339661
401340233
402059885
402123245
402416433
402787277
402787279
403532833
403905603
403905669
404286699
404661831
405029637
405036765
405332385
405333681
405333707
405378115
405803955
406278497
406278515
406687343
406735041
406739451
407195519
407195545
408165765
409109465
409627729
410099763
410598257
410602503
411113055
411595229
412068009
412500345
412538601
412539929
413032965
413996079
414012271
414527523
414535965
414640415
414661437
415186505
415478193
415969845
416457555
416956025
417431465
417433151
417948115
417950095
460090037
460527431
460527983
460913825
460913877
460939199
461430441
461430481
461430855
462361533
462362669
462849075
462850677
462850757
463277447
